+43 (0)1 89588814540
06648415878
+43 (0) 5170731255
+43(1) 740 35 372
02262/73173
 +43 74161505-3172
 + 43/20502 33063
+43 1/99 3 99-3809
0664/73142615
+43 1 369 26 55-24
0664/5262262
+43-1 21145 2603
0664/6185907
+43(0)2266/67485
+43 1 79552-422
0664/ 1002773
+4366488550934'
4366460567842
+43255228403342'
+43 676 8118 91634
+436765546696'
+4367682053325'
+43/2262/600 492
0699-19470923
01/797 22 - 5219
+436648011731555'
0680/1420180
0676/5350157
050 8788-1556
0699/12244566
0664/8101348
431.291.912.206
0664/1409828
4315031034
+436648580753'
01/80105-5634
+436646121719'
+4322668021634'
+43 1 217 72 - 0 
+420603554598'
0664/3015308
0650/3640718
01/797 22 - 4240
0676 6278242
0676 9546258
0664/1324483
0699/12247815
0664/8534050
431711233875
0664/7852887
0676/3983541
0676/9474191
0680/4412585
0699/18291108
0699/12092841
0660/2741988
0664/1912265
0664/9162429
0664/4668957
0664 88781204
0664 1438302
4343 90087078
0664 5295463
0664 5295463
0664 80117 15514
0680 3011744
+43 2984 2226 1279
0664 891699
0676 9281323
0650 48114668
0664 6250387
0664 2545560
+43 126016 151
0664 3030323
0664 3503518
0664 3142349
+43  664 45 33
43 125844720
+43 664 8251073
o664 88718797
0664 6147502
0664 6620557
0664 73696875
0043 14880138739
0676 82055155
+43 664 20 42
0664/6185568
01-93144-738
0699 19685828
+43 1 811 50 1473
0664 608 50 1473
+43 664 452 64 39
0660/88717827
0664 5291159
0664/3364420
01 80105 5123
0664 2335569
0676/5350157
+43 676 812 513678
0664 601871164
+43 1 505 3707709
+43 664 6018711734
0664 451 46 79
+43 1 811 50-2351
0664 608 50 2351
0676 5424180
0664 8249849
0676 7057129
+420733 149202
0664 355 82 65
15880138725
+43 0 50868 2508
0664 6121167
01 588 01 18 315
+43 1 526 17 57-180
0664 5237443
0664 502114
0676 3371822
+43 01 33144 900
0676 9770579
0664 44 22 859
0664 6391610
0899 19323 683
0664 9477173
0664/4142088
0676 7235840
0664 9257931
0664 5918628
