+43189588814540
+436648415878
+435170731255
+43174035372
+43226273173
+43741615053172
+432050233063
+431993993809
+4366473142615
+431369265524
+436645262262
+431211452603
+436646185907
+43226667485
+43179552422
+436641002773
+4366488550934
+4366460567842
+43255228403342
+43676811891634
+436765546696
+4367682053325
+432262600492
+4369919470923
+431797225219
+436648011731555
+436801420180
+436765350157
+435087881556
+4369912244566
+436648101348
+431291912206
+436641409828
+4315031034
+436648580753
+431801055634
+436646121719
+4322668021634
+431217720
+43603554598
+436643015308
+436503640718
+431797224240
+436766278242
+436769546258
+436641324483
+4369912247815
+436648534050
+431711233875
+436647852887
+436763983541
+436769474191
+436804412585
+4369918291108
+4369912092841
+436602741988
+436641912265
+436649162429
+436644668957
+4366488781204
+436641438302
+434390087078
+436645295463
+436645295463
+436648011715514
+436803011744
+43298422261279
+43664891699
+436769281323
+4365048114668
+436646250387
+436642545560
+43126016151
+436643030323
+436643503518
+436643142349
+436644533
+43125844720
+436648251073
+4366488718797
+436646147502
+436646620557
+4366473696875
+4314880138739
+4367682055155
+436642042
+436646185568
+43193144738
+4369919685828
+431811501473
+43664608501473
+436644526439
+4366088717827
+436645291159
+436643364420
+431801055123
+436642335569
+436765350157
+43676812513678
+43664601871164
+4315053707709
+436646018711734
+436644514679
+431811502351
+43664608502351
+436765424180
+436648249849
+436767057129
+43733149202
+436643558265
+436643558265
+43508682508
+436646121167
+4315880118315
+4315261757180
+436645237443
+43664502114
+436763371822
+43133144900
+436769770579
+436644422859
+436646391610
+4389919323683
+436649477173
+436644142088
+436767235840
+436649257931
+436645918628
